date [yyyy-mm-dd]	J [mm/d]	Q [mm/d]	ET [mm/d]
2013-02-04	2.19	1.12	0.66
2013-02-05	4.68	1.13	0.68
2013-02-06	0.11	0.98	0.54
2013-02-07	1.62	0.81	0.51
2013-02-08	1.32	0.70	0.43
2013-02-09	0.53	0.62	0.43
2013-02-10	0.01	0.56	0.48
2013-02-11	0.03	0.51	0.45
2013-02-12	0.01	0.47	0.26
2013-02-13	0.00	0.44	0.44
2013-02-14	0.02	0.41	0.44
2013-02-15	0.12	0.38	0.61
2013-02-16	0.16	0.36	0.50
2013-02-17	0.23	0.35	0.40
2013-02-18	0.70	0.33	0.40
2013-02-19	3.16	0.31	0.56
2013-02-20	2.98	0.29	0.44
2013-02-21	2.11	0.27	0.42
2013-02-22	4.58	0.25	0.31
2013-02-23	7.95	0.24	0.45
2013-02-24	4.56	0.22	0.53
2013-02-25	2.95	0.21	0.37
2013-02-26	0.32	0.20	0.47
2013-02-27	0.06	0.19	0.33
2013-02-28	0.01	0.18	0.47
2013-03-01	0.03	0.17	0.55
2013-03-02	0.24	0.16	0.89
2013-03-03	0.02	0.15	0.75
2013-03-04	0.00	0.17	0.99
2013-03-05	0.00	0.22	1.23
2013-03-06	0.00	0.33	1.48
2013-03-07	2.82	0.60	1.34
2013-03-08	0.38	0.72	0.96
2013-03-09	2.26	0.67	0.69
2013-03-10	4.41	0.59	1.23
2013-03-11	1.44	0.49	0.34
2013-03-12	3.53	0.42	0.39
2013-03-13	0.10	0.37	0.87
2013-03-14	1.17	0.34	1.05
2013-03-15	0.26	0.31	0.86
2013-03-16	0.00	0.28	1.23
2013-03-17	1.10	0.27	1.00
2013-03-18	7.32	0.35	1.26
2013-03-19	0.25	0.39	0.91
2013-03-20	7.70	0.35	0.89
2013-03-21	0.17	0.31	0.93
2013-03-22	0.16	0.28	0.64
2013-03-23	0.00	0.26	0.57
2013-03-24	0.03	0.24	0.70
2013-03-25	0.01	0.22	0.70
2013-03-26	0.00	0.21	0.80
2013-03-27	0.91	0.19	0.96
2013-03-28	4.82	0.18	1.07
2013-03-29	1.64	0.17	1.28
2013-03-30	0.35	0.16	1.28
2013-03-31	2.81	0.15	1.01
2013-04-01	0.00	0.14	1.35
2013-04-02	0.03	0.13	1.15
2013-04-03	0.02	0.12	0.64
2013-04-04	0.04	0.12	0.76
2013-04-05	0.63	0.12	0.64
2013-04-06	0.08	0.12	1.12
2013-04-07	0.00	0.13	1.65
2013-04-08	0.12	0.16	1.66
2013-04-09	0.32	0.25	1.52
2013-04-10	2.69	0.63	2.25
2013-04-11	7.46	1.66	3.04
2013-04-12	4.45	1.73	2.71
2013-04-13	4.48	1.51	2.87
2013-04-14	0.01	1.20	3.46
2013-04-15	0.73	0.94	3.82
2013-04-16	0.00	0.77	3.01
2013-04-17	0.00	0.66	2.81
2013-04-18	0.00	0.58	3.37
2013-04-19	0.00	0.52	2.10
2013-04-20	0.00	0.48	1.73
2013-04-21	0.00	0.44	2.49
2013-04-22	0.00	0.40	2.19
2013-04-23	0.00	0.38	2.70
2013-04-24	0.00	0.35	3.07
2013-04-25	0.00	0.33	3.08
2013-04-26	13.91	0.38	5.59
2013-04-27	6.29	0.60	1.68
2013-04-28	0.03	0.57	2.49
2013-04-29	0.01	0.48	2.26
2013-04-30	0.02	0.43	1.97
2013-05-01	0.00	0.38	1.94
2013-05-02	0.05	0.35	1.20
2013-05-03	0.01	0.32	2.49
2013-05-04	0.02	0.30	2.87
2013-05-05	0.00	0.28	3.29
2013-05-06	1.29	0.26	3.79
2013-05-07	4.21	0.24	2.51
2013-05-08	0.18	0.23	3.80
2013-05-09	1.74	0.21	3.23
2013-05-10	0.00	0.20	2.47
2013-05-11	2.52	0.19	2.88
2013-05-12	4.89	0.18	3.33
2013-05-13	2.21	0.17	3.24
2013-05-14	1.98	0.16	3.06
2013-05-15	7.52	0.16	6.07
2013-05-16	0.01	0.16	3.80
2013-05-17	12.65	0.21	5.76
2013-05-18	8.57	0.35	3.95
2013-05-19	2.01	0.33	4.49
2013-05-20	0.08	0.28	2.45
2013-05-21	3.71	0.24	3.16
2013-05-22	8.38	0.27	3.44
2013-05-23	4.17	0.33	3.60
2013-05-24	0.29	0.29	2.42
2013-05-25	18.12	0.61	3.59
2013-05-26	20.35	1.38	2.84
2013-05-27	0.34	1.28	2.48
2013-05-28	6.59	0.97	5.28
2013-05-29	2.26	0.80	3.51
2013-05-30	14.81	1.07	3.45
2013-05-31	32.48	2.84	3.91
2013-06-01	0.44	2.82	3.39
2013-06-02	0.25	1.89	2.31
2013-06-03	0.00	1.45	3.16
2013-06-04	1.38	1.19	4.16
2013-06-05	0.00	1.01	4.00
2013-06-06	0.00	0.88	4.45
2013-06-07	0.00	0.79	4.28
2013-06-08	0.00	0.72	3.94
2013-06-09	10.39	0.68	4.89
2013-06-10	0.18	0.68	4.22
2013-06-11	5.01	0.62	4.83
2013-06-12	0.09	0.57	4.94
2013-06-13	4.55	0.53	5.46
2013-06-14	0.00	0.49	3.68
2013-06-15	0.20	0.46	3.87
2013-06-16	0.01	0.42	3.26
2013-06-17	0.00	0.40	3.96
2013-06-18	0.00	0.37	4.62
2013-06-19	0.16	0.35	4.46
2013-06-20	3.30	0.32	5.02
2013-06-21	0.02	0.30	3.09
2013-06-22	0.10	0.28	2.93
2013-06-23	0.09	0.26	2.49
2013-06-24	1.94	0.25	2.95
2013-06-25	1.03	0.23	2.08
2013-06-26	0.09	0.21	2.05
2013-06-27	0.44	0.20	2.29
2013-06-28	0.46	0.19	2.51
2013-06-29	2.25	0.17	2.95
2013-06-30	0.01	0.16	2.63
2013-07-01	6.30	0.15	5.11
2013-07-02	0.73	0.14	4.04
2013-07-03	0.71	0.13	2.77
2013-07-04	0.70	0.12	2.43
2013-07-05	0.05	0.12	2.33
2013-07-06	0.00	0.11	2.51
2013-07-07	0.00	0.10	2.59
2013-07-08	0.00	0.09	2.60
2013-07-09	0.00	0.09	2.61
2013-07-10	0.02	0.08	2.04
2013-07-11	0.00	0.08	1.66
2013-07-12	0.01	0.07	1.88
2013-07-13	0.00	0.07	2.00
2013-07-14	0.00	0.06	1.78
2013-07-15	0.00	0.06	1.86
2013-07-16	0.00	0.05	2.14
2013-07-17	0.00	0.05	2.12
2013-07-18	0.00	0.05	1.93
2013-07-19	0.00	0.04	1.87
2013-07-20	0.00	0.04	1.69
2013-07-21	0.00	0.04	2.06
2013-07-22	0.00	0.04	2.15
2013-07-23	0.00	0.03	2.04
2013-07-24	5.79	0.03	4.72
2013-07-25	0.12	0.03	2.80
2013-07-26	7.63	0.03	5.70
2013-07-27	1.76	0.03	4.67
2013-07-28	4.30	0.02	4.24
2013-07-29	7.78	0.02	4.95
2013-07-30	2.11	0.02	4.07
2013-07-31	0.75	0.02	2.26
2013-08-01	0.00	0.02	1.91
2013-08-02	0.00	0.02	1.86
2013-08-03	0.02	0.02	1.54
2013-08-04	0.00	0.02	1.27
2013-08-05	0.00	0.02	1.39
2013-08-06	14.72	0.03	7.09
2013-08-07	2.47	0.03	3.76
2013-08-08	0.25	0.03	2.27
2013-08-09	0.00	0.02	1.09
2013-08-10	0.19	0.02	1.33
2013-08-11	0.06	0.02	1.04
2013-08-12	6.37	0.02	3.92
2013-08-13	2.90	0.02	3.45
2013-08-14	0.01	0.02	2.33
2013-08-15	0.00	0.02	1.21
2013-08-16	0.00	0.02	1.17
2013-08-17	0.00	0.02	1.13
2013-08-18	1.41	0.02	1.59
2013-08-19	6.53	0.01	3.65
2013-08-20	0.02	0.01	2.82
2013-08-21	0.00	0.01	1.22
2013-08-22	0.00	0.01	0.94
2013-08-23	0.23	0.01	0.87
2013-08-24	0.00	0.01	0.88
2013-08-25	0.02	0.01	0.74
2013-08-26	0.00	0.01	0.65
2013-08-27	0.00	0.01	0.69
2013-08-28	0.05	0.01	0.74
2013-08-29	0.00	0.01	0.77
2013-08-30	0.00	0.01	0.76
2013-08-31	2.07	0.01	1.77
2013-09-01	0.00	0.01	1.06
2013-09-02	0.70	0.01	0.75
2013-09-03	0.16	0.01	0.79
2013-09-04	0.02	0.01	0.65
2013-09-05	0.00	0.01	0.68
2013-09-06	0.00	0.01	0.71
2013-09-07	0.00	0.00	0.68
2013-09-08	26.45	0.22	3.56
2013-09-09	4.00	0.09	2.68
2013-09-10	11.99	0.26	2.10
2013-09-11	18.06	0.50	1.87
2013-09-12	1.22	0.32	1.86
2013-09-13	0.93	0.25	2.12
2013-09-14	1.13	0.21	1.91
2013-09-15	1.13	0.18	1.44
2013-09-16	3.19	0.16	2.06
2013-09-17	1.96	0.15	2.11
2013-09-18	0.34	0.14	1.52
2013-09-19	0.39	0.13	1.28
2013-09-20	0.70	0.12	1.03
2013-09-21	0.00	0.11	1.11
2013-09-22	0.12	0.10	0.91
2013-09-23	0.08	0.09	0.67
2013-09-24	0.10	0.09	0.79
2013-09-25	0.03	0.08	0.65
2013-09-26	1.57	0.08	1.37
2013-09-27	0.02	0.07	1.08
2013-09-28	0.01	0.07	0.84
2013-09-29	0.00	0.06	0.62
2013-09-30	0.00	0.06	0.57
2013-10-01	0.00	0.06	0.57
2013-10-02	0.00	0.05	0.57
2013-10-03	0.00	0.05	0.58
2013-10-04	0.01	0.05	0.64
2013-10-05	24.47	0.35	1.40
2013-10-06	0.24	0.27	1.05
2013-10-07	0.02	0.22	1.03
2013-10-08	0.02	0.18	0.80
2013-10-09	6.21	0.20	1.53
2013-10-10	5.75	0.29	1.27
2013-10-11	24.28	0.88	1.22
2013-10-12	0.46	0.72	1.13
2013-10-13	0.00	0.56	0.99
2013-10-14	1.35	0.45	1.32
2013-10-15	8.38	0.54	1.35
2013-10-16	0.79	0.50	1.06
2013-10-17	0.46	0.42	1.11
2013-10-18	0.13	0.37	1.01
2013-10-19	0.19	0.33	1.16
2013-10-20	0.69	0.30	0.82
2013-10-21	0.00	0.27	0.85
2013-10-22	0.00	0.25	1.02
2013-10-23	0.03	0.23	0.63
2013-10-24	0.36	0.22	0.85
2013-10-25	4.09	0.21	1.42
2013-10-26	10.65	0.41	1.25
2013-10-27	3.73	0.47	1.33
2013-10-28	3.05	0.46	1.43
2013-10-29	0.18	0.39	0.98
2013-10-30	0.01	0.34	0.85
2013-10-31	0.00	0.30	0.75
2013-11-01	4.53	0.34	0.72
2013-11-02	11.01	0.68	1.03
2013-11-03	2.06	0.67	0.84
2013-11-04	3.57	0.65	0.90
2013-11-05	3.78	0.68	0.63
2013-11-06	5.59	0.78	0.78
2013-11-07	19.59	1.49	0.87
2013-11-08	6.04	1.70	0.60
2013-11-09	2.17	1.44	0.82
2013-11-10	0.17	1.14	0.55
2013-11-11	0.01	0.92	0.61
2013-11-12	1.05	0.78	0.65
2013-11-13	0.01	0.68	0.68
2013-11-14	0.02	0.61	0.42
2013-11-15	0.00	0.55	0.38
2013-11-16	0.02	0.51	0.45
2013-11-17	0.01	0.47	0.40
2013-11-18	0.22	0.43	0.22
2013-11-19	13.95	0.81	0.44
2013-11-20	6.44	1.08	0.45
2013-11-21	5.41	0.96	0.34
2013-11-22	3.37	0.91	0.30
2013-11-23	2.24	1.14	0.35
2013-11-24	0.80	1.09	0.50
2013-11-25	0.04	0.90	0.37
2013-11-26	0.05	0.76	0.33
2013-11-27	0.19	0.67	0.39
2013-11-28	0.21	0.65	0.39
2013-11-29	4.70	0.74	0.36
2013-11-30	1.83	0.78	0.31
2013-12-01	0.18	0.71	0.41
2013-12-02	0.01	0.62	0.43
2013-12-03	0.00	0.56	0.38
2013-12-04	0.28	0.51	0.31
2013-12-05	6.87	0.62	0.30
2013-12-06	1.89	0.61	0.22
2013-12-07	1.02	0.55	0.27
2013-12-08	1.37	0.73	0.38
2013-12-09	1.28	0.78	0.27
2013-12-10	0.07	0.66	0.44
2013-12-11	0.05	0.58	0.38
2013-12-12	0.00	0.51	0.42
2013-12-13	0.02	0.46	0.29
2013-12-14	0.08	0.42	0.27
2013-12-15	0.22	0.39	0.26
2013-12-16	0.00	0.36	0.40
2013-12-17	0.00	0.34	0.41
2013-12-18	0.03	0.31	0.33
2013-12-19	0.59	0.29	0.34
2013-12-20	0.18	0.27	0.31
2013-12-21	0.13	0.26	0.27
2013-12-22	2.70	0.27	0.43
2013-12-23	0.12	0.28	0.37
2013-12-24	0.08	0.26	0.45
2013-12-25	1.16	0.24	0.49
2013-12-26	1.93	0.28	0.28
2013-12-27	0.23	0.27	0.35
2013-12-28	8.44	0.59	0.43
2013-12-29	0.49	0.63	0.39
2013-12-30	0.01	0.52	0.30
2013-12-31	0.00	0.44	0.34
2014-01-01	0.23	0.38	0.29
2014-01-02	0.47	0.34	0.40
2014-01-03	2.17	0.36	0.48
2014-01-04	0.21	0.34	0.40
2014-01-05	0.94	0.32	0.44
2014-01-06	7.15	0.61	0.55
2014-01-07	2.32	0.73	0.47
2014-01-08	3.11	0.78	0.56
2014-01-09	5.99	1.01	0.62
2014-01-10	0.17	0.94	0.38
2014-01-11	1.85	0.82	0.42
2014-01-12	0.00	0.71	0.43
2014-01-13	0.14	0.61	0.40
2014-01-14	0.08	0.53	0.36
2014-01-15	1.19	0.48	0.39
2014-01-16	2.77	0.54	0.47
2014-01-17	0.03	0.51	0.47
2014-01-18	0.02	0.46	0.48
2014-01-19	0.72	0.42	0.41
2014-01-20	1.18	0.38	0.27
2014-01-21	1.65	0.35	0.18
2014-01-22	0.82	0.33	0.29
2014-01-23	5.40	0.30	0.22
2014-01-24	0.79	0.28	0.32
2014-01-25	1.20	0.26	0.21
2014-01-26	3.73	0.25	0.35
2014-01-27	0.20	0.23	0.46
2014-01-28	0.02	0.22	0.43
2014-01-29	0.05	0.20	0.24
2014-01-30	0.00	0.19	0.34
2014-01-31	0.01	0.18	0.39
2014-02-01	1.10	0.20	0.66
2014-02-02	0.08	0.26	0.51
2014-02-03	0.01	0.26	0.45
2014-02-04	0.55	0.26	0.61
2014-02-05	0.11	0.27	0.60
2014-02-06	0.12	0.44	0.59
2014-02-07	0.23	0.72	0.78
2014-02-08	6.60	0.88	0.80
2014-02-09	0.04	0.84	0.71
2014-02-10	0.16	0.67	0.77
2014-02-11	0.21	0.56	0.59
2014-02-12	0.19	0.48	0.64
2014-02-13	9.65	0.82	0.83
2014-02-14	0.33	0.90	0.76
2014-02-15	1.12	0.74	0.98
2014-02-16	0.46	0.63	0.93
2014-02-17	0.52	0.55	1.00
2014-02-18	0.08	0.49	0.86
2014-02-19	0.17	0.44	0.76
2014-02-20	0.37	0.40	0.91
2014-02-21	1.22	0.37	1.12
2014-02-22	0.10	0.35	0.95
2014-02-23	0.02	0.32	1.00
2014-02-24	0.00	0.30	1.18
2014-02-25	0.03	0.28	1.30
2014-02-26	0.26	0.26	1.08
2014-02-27	1.44	0.25	0.99
2014-02-28	0.13	0.23	1.03
2014-03-01	0.01	0.22	1.23
2014-03-02	0.01	0.20	1.05
2014-03-03	0.01	0.19	1.19
2014-03-04	0.00	0.18	1.08
2014-03-05	0.06	0.17	1.13
2014-03-06	0.01	0.16	1.21
2014-03-07	0.00	0.15	1.42
2014-03-08	0.00	0.14	1.40
2014-03-09	0.00	0.13	1.91
2014-03-10	0.01	0.12	1.87
2014-03-11	0.00	0.11	1.40
2014-03-12	0.00	0.10	1.55
2014-03-13	0.01	0.10	1.90
2014-03-14	1.33	0.09	2.17
2014-03-15	1.50	0.09	1.30
2014-03-16	0.46	0.08	1.47
2014-03-17	0.04	0.08	0.92
2014-03-18	1.30	0.07	1.37
2014-03-19	0.68	0.07	1.43
2014-03-20	0.01	0.06	2.17
2014-03-21	0.74	0.06	2.39
2014-03-22	2.13	0.06	1.66
2014-03-23	0.05	0.05	1.41
2014-03-24	0.07	0.05	1.24
2014-03-25	0.29	0.05	1.26
2014-03-26	0.00	0.04	1.51
2014-03-27	0.00	0.04	1.59
2014-03-28	0.31	0.04	1.32
2014-03-29	0.01	0.04	2.07
2014-03-30	0.00	0.03	2.35
2014-03-31	0.00	0.03	1.95
2014-04-01	0.00	0.03	2.22
2014-04-02	0.00	0.03	2.39
2014-04-03	4.92	0.03	3.85
2014-04-04	0.28	0.03	2.12
2014-04-05	0.45	0.03	2.02
2014-04-06	0.00	0.02	1.99
2014-04-07	0.00	0.02	2.07
2014-04-08	1.35	0.02	2.44
2014-04-09	1.14	0.02	1.71
2014-04-10	0.40	0.02	1.23
2014-04-11	2.82	0.02	2.23
2014-04-12	0.00	0.02	2.28
2014-04-13	0.80	0.02	1.96
2014-04-14	4.44	0.02	2.39
2014-04-15	2.21	0.03	1.87
2014-04-16	0.12	0.02	2.35
2014-04-17	3.53	0.02	3.17
2014-04-18	1.90	0.02	2.32
2014-04-19	0.01	0.02	2.64
2014-04-20	0.42	0.02	2.29
2014-04-21	1.23	0.02	2.53
2014-04-22	0.01	0.02	2.33
2014-04-23	0.47	0.02	2.59
2014-04-24	0.02	0.02	2.24
2014-04-25	0.00	0.02	2.36
2014-04-26	0.33	0.02	2.53
2014-04-27	14.78	0.10	4.15
2014-04-28	0.19	0.15	2.76
2014-04-29	0.02	0.12	2.47
2014-04-30	0.68	0.10	2.81
2014-05-01	16.61	0.25	3.50
2014-05-02	0.16	0.26	2.37
2014-05-03	0.02	0.21	1.96
2014-05-04	0.00	0.18	1.71
2014-05-05	0.00	0.16	2.23
2014-05-06	1.28	0.14	3.12
2014-05-07	1.99	0.13	2.74
2014-05-08	5.03	0.13	3.10
2014-05-09	3.28	0.13	3.95
2014-05-10	7.60	0.15	3.54
2014-05-11	3.20	0.19	3.16
2014-05-12	1.18	0.17	2.72
2014-05-13	2.33	0.15	2.85
2014-05-14	1.24	0.14	2.55
2014-05-15	0.03	0.12	2.12
2014-05-16	0.00	0.12	2.15
2014-05-17	0.55	0.11	2.44
2014-05-18	1.55	0.10	2.10
2014-05-19	0.10	0.09	2.90
2014-05-20	0.55	0.09	3.33
2014-05-21	0.00	0.08	3.26
2014-05-22	1.28	0.08	3.79
2014-05-23	0.02	0.07	2.25
2014-05-24	7.47	0.07	5.09
2014-05-25	0.00	0.07	3.62
2014-05-26	3.29	0.06	4.21
2014-05-27	41.01	0.82	3.42
2014-05-28	13.65	1.15	2.43
2014-05-29	1.56	0.94	2.33
2014-05-30	0.01	0.71	3.35
2014-05-31	0.00	0.56	3.03
2014-06-01	0.01	0.47	2.70
2014-06-02	0.00	0.41	2.74
2014-06-03	0.01	0.36	2.89
2014-06-04	2.34	0.33	4.08
2014-06-05	0.01	0.30	2.82
2014-06-06	0.00	0.27	3.42
2014-06-07	0.00	0.25	3.84
2014-06-08	0.00	0.24	3.94
2014-06-09	3.15	0.22	4.69
2014-06-10	0.35	0.21	3.65
2014-06-11	17.45	0.27	5.39
2014-06-12	0.00	0.27	4.18
2014-06-13	0.09	0.25	2.60
2014-06-14	1.28	0.22	2.51
2014-06-15	0.01	0.21	2.57
2014-06-16	0.09	0.19	1.90
2014-06-17	0.00	0.18	2.17
2014-06-18	0.01	0.17	2.32
2014-06-19	0.65	0.15	2.07
2014-06-20	0.43	0.14	1.80
2014-06-21	0.48	0.13	1.88
2014-06-22	0.01	0.13	1.95
2014-06-23	0.02	0.12	1.98
2014-06-24	10.76	0.11	5.26
2014-06-25	5.28	0.13	3.83
2014-06-26	1.11	0.12	3.93
2014-06-27	0.28	0.11	3.19
2014-06-28	4.81	0.10	3.98
2014-06-29	0.45	0.10	2.76
2014-06-30	5.77	0.09	3.99
2014-07-01	0.24	0.09	3.38
2014-07-02	0.00	0.08	2.21
2014-07-03	0.00	0.08	2.53
2014-07-04	0.17	0.07	2.83
2014-07-05	0.78	0.07	2.41
2014-07-06	0.39	0.06	2.46
2014-07-07	18.17	0.13	4.80
2014-07-08	8.06	0.19	4.27
2014-07-09	15.77	0.41	3.58
2014-07-10	5.29	0.32	5.19
2014-07-11	0.07	0.25	4.02
2014-07-12	0.19	0.21	2.29
2014-07-13	1.20	0.19	2.57
2014-07-14	1.09	0.17	2.71
2014-07-15	0.00	0.15	2.43
2014-07-16	0.07	0.14	2.10
2014-07-17	0.00	0.13	2.50
2014-07-18	0.00	0.12	2.70
2014-07-19	0.00	0.11	2.72
2014-07-20	0.14	0.11	2.72
2014-07-21	5.34	0.10	3.51
2014-07-22	0.07	0.09	3.50
2014-07-23	0.01	0.09	1.98
2014-07-24	15.36	0.11	5.73
2014-07-25	14.15	0.28	4.38
2014-07-26	1.03	0.19	4.45
2014-07-27	9.95	0.20	5.67
2014-07-28	6.47	0.20	5.52
2014-07-29	2.14	0.18	3.73
2014-07-30	0.18	0.16	2.17
2014-07-31	0.01	0.14	2.17
2014-08-01	0.00	0.13	2.28
2014-08-02	5.91	0.12	4.90
2014-08-03	21.61	0.36	4.78
2014-08-04	4.61	0.34	4.52
2014-08-05	1.05	0.27	3.41
2014-08-06	0.08	0.23	2.64
2014-08-07	0.06	0.21	1.87
2014-08-08	0.00	0.19	2.34
2014-08-09	0.65	0.17	2.43
2014-08-10	20.14	0.30	6.25
2014-08-11	0.64	0.29	3.71
2014-08-12	0.07	0.25	2.33
2014-08-13	12.13	0.26	5.07
2014-08-14	0.02	0.26	3.20
2014-08-15	1.64	0.23	2.26
2014-08-16	1.61	0.21	2.43
2014-08-17	2.80	0.19	2.94
2014-08-18	1.41	0.18	2.53
2014-08-19	2.61	0.16	2.94
2014-08-20	0.21	0.15	2.25
2014-08-21	0.01	0.14	1.67
2014-08-22	0.03	0.13	1.52
2014-08-23	0.86	0.12	1.65
2014-08-24	0.28	0.12	1.51
2014-08-25	11.85	0.13	3.86
2014-08-26	4.83	0.18	2.56
2014-08-27	0.01	0.16	3.14
2014-08-28	0.13	0.15	2.29
2014-08-29	1.34	0.13	2.01
2014-08-30	0.91	0.12	1.90
2014-08-31	0.45	0.12	1.58
2014-09-01	8.05	0.11	3.00
2014-09-02	2.31	0.13	2.53
2014-09-03	0.01	0.12	2.24
2014-09-04	0.01	0.11	1.69
2014-09-05	0.01	0.10	1.68
2014-09-06	4.05	0.10	3.06
2014-09-07	0.95	0.09	2.68
2014-09-08	0.03	0.08	1.72
2014-09-09	0.03	0.08	1.17
2014-09-10	8.59	0.08	2.18
2014-09-11	5.89	0.15	2.10
2014-09-12	2.80	0.14	2.06
2014-09-13	3.78	0.16	1.55
2014-09-14	0.44	0.13	1.82
2014-09-15	0.08	0.12	1.72
2014-09-16	0.00	0.11	1.66
2014-09-17	0.00	0.10	1.31
2014-09-18	6.61	0.10	3.32
2014-09-19	18.37	0.42	2.92
2014-09-20	5.39	0.40	2.93
2014-09-21	5.28	0.40	2.34
2014-09-22	2.39	0.36	1.71
2014-09-23	0.02	0.29	1.92
2014-09-24	0.08	0.25	1.43
2014-09-25	0.81	0.23	1.23
2014-09-26	0.76	0.20	1.08
2014-09-27	0.02	0.19	1.55
2014-09-28	0.02	0.17	1.39
2014-09-29	0.55	0.16	1.49
2014-09-30	0.20	0.15	1.14
2014-10-01	0.01	0.14	1.11
2014-10-02	0.00	0.13	1.08
2014-10-03	0.01	0.12	1.05
2014-10-04	0.01	0.11	0.99
2014-10-05	0.04	0.11	0.96
2014-10-06	0.02	0.10	0.87
2014-10-07	4.49	0.10	1.71
2014-10-08	6.48	0.13	1.72
2014-10-09	3.95	0.19	1.89
2014-10-10	8.59	0.33	1.64
2014-10-11	0.23	0.26	1.25
2014-10-12	0.58	0.22	1.44
2014-10-13	0.26	0.19	1.17
2014-10-14	0.05	0.17	0.92
2014-10-15	1.61	0.16	1.16
2014-10-16	2.32	0.15	1.37
2014-10-17	0.26	0.14	1.22
2014-10-18	0.03	0.13	1.13
2014-10-19	3.73	0.12	1.72
2014-10-20	0.10	0.12	1.17
2014-10-21	7.13	0.19	1.21
2014-10-22	15.22	0.59	0.95
2014-10-23	0.05	0.50	1.08
2014-10-24	0.05	0.40	1.00
2014-10-25	0.05	0.33	0.75
2014-10-26	0.02	0.29	0.61
2014-10-27	0.04	0.26	0.75
2014-10-28	0.02	0.23	0.54
2014-10-29	0.77	0.21	0.67
2014-10-30	0.06	0.20	0.53
2014-10-31	0.02	0.18	0.62
2014-11-01	0.00	0.17	0.74
2014-11-02	0.04	0.16	0.58
2014-11-03	0.05	0.15	0.49
2014-11-04	0.04	0.14	0.46
2014-11-05	2.67	0.13	0.64
2014-11-06	0.06	0.13	0.73
2014-11-07	0.07	0.12	0.56
2014-11-08	0.01	0.11	0.57
2014-11-09	0.00	0.11	0.48
2014-11-10	0.05	0.10	0.45
2014-11-11	0.05	0.09	0.43
2014-11-12	0.07	0.09	0.38
2014-11-13	0.22	0.08	0.27
2014-11-14	0.09	0.08	0.37
2014-11-15	0.16	0.07	0.37
2014-11-16	3.51	0.08	0.59
2014-11-17	0.52	0.08	0.73
2014-11-18	4.77	0.12	0.41
2014-11-19	1.47	0.16	0.26
2014-11-20	0.11	0.15	0.28
2014-11-21	0.01	0.13	0.31
2014-11-22	0.02	0.12	0.46
2014-11-23	0.02	0.11	0.55
2014-11-24	1.07	0.10	0.59
2014-11-25	0.08	0.09	0.43
2014-11-26	0.00	0.09	0.30
2014-11-27	0.00	0.08	0.26
2014-11-28	0.02	0.08	0.15
2014-11-29	0.05	0.07	0.13
2014-11-30	0.05	0.07	0.14
2014-12-01	0.06	0.06	0.15
2014-12-02	1.09	0.06	0.15
2014-12-03	0.28	0.06	0.17
2014-12-04	0.28	0.05	0.26
2014-12-05	0.11	0.05	0.19
2014-12-06	0.22	0.05	0.30
2014-12-07	1.21	0.05	0.28
2014-12-08	0.02	0.05	0.36
2014-12-09	0.04	0.05	0.27
2014-12-10	3.09	0.06	0.26
2014-12-11	6.27	0.25	0.32
2014-12-12	2.58	0.29	0.48
2014-12-13	0.87	0.25	0.38
2014-12-14	0.02	0.21	0.28
2014-12-15	0.29	0.18	0.34
2014-12-16	0.57	0.16	0.34
2014-12-17	3.48	0.23	0.36
2014-12-18	4.05	0.34	0.55
2014-12-19	7.37	0.54	0.57
2014-12-20	6.86	0.74	0.30
2014-12-21	0.96	0.66	0.32
2014-12-22	5.68	0.77	0.37
2014-12-23	0.83	0.71	0.29
2014-12-24	4.04	0.72	0.44
2014-12-25	1.66	0.68	0.36
2014-12-26	0.02	0.57	0.29
2014-12-27	0.03	0.49	0.21
2014-12-28	0.36	0.43	0.21
2014-12-29	4.65	0.39	0.30
2014-12-30	3.62	0.35	0.36
2014-12-31	0.89	0.37	0.30
2015-01-01	0.04	0.37	0.31
2015-01-02	0.61	0.43	0.29
2015-01-03	0.92	0.43	0.27
2015-01-04	1.66	0.47	0.24
2015-01-05	0.02	0.43	0.27
2015-01-06	0.03	0.38	0.26
2015-01-07	0.33	0.35	0.32
2015-01-08	10.06	0.75	0.48
2015-01-09	8.09	1.19	0.49
2015-01-10	6.01	1.34	0.81
2015-01-11	7.54	1.43	0.31
2015-01-12	2.83	1.54	0.39
2015-01-13	1.91	1.32	0.58
2015-01-14	2.89	1.19	0.54
2015-01-15	4.82	1.24	0.64
2015-01-16	3.09	1.24	0.51
2015-01-17	0.15	1.07	0.47
2015-01-18	0.00	0.90	0.31
2015-01-19	0.46	0.78	0.36
2015-01-20	2.49	0.70	0.30
2015-01-21	0.06	0.63	0.32
2015-01-22	0.36	0.58	0.23
2015-01-23	0.05	0.53	0.21
2015-01-24	1.23	0.49	0.39
2015-01-25	5.33	0.52	0.41
2015-01-26	3.30	0.57	0.36
2015-01-27	0.31	0.56	0.43
2015-01-28	4.71	0.67	0.46
2015-01-29	5.13	0.68	0.37
2015-01-30	2.69	0.61	0.47
2015-01-31	1.22	0.54	0.52
2015-02-01	0.03	0.48	0.49
2015-02-02	0.35	0.44	0.43
2015-02-03	1.68	0.40	0.51
2015-02-04	0.09	0.37	0.39
2015-02-05	0.24	0.35	0.35
2015-02-06	0.00	0.32	0.30
2015-02-07	0.49	0.30	0.69
2015-02-08	0.63	0.28	0.57
2015-02-09	0.30	0.31	0.66
2015-02-10	0.00	0.40	0.37
2015-02-11	0.00	0.42	0.63
2015-02-12	0.02	0.39	0.59
2015-02-13	0.00	0.35	0.68
2015-02-14	0.02	0.34	0.82
2015-02-15	0.00	0.33	0.54
2015-02-16	0.00	0.31	0.66
2015-02-17	0.09	0.29	0.60
2015-02-18	0.00	0.28	0.65
2015-02-19	0.00	0.27	0.58
2015-02-20	0.08	0.28	0.89
2015-02-21	0.18	0.34	0.81
2015-02-22	0.03	0.33	0.67
2015-02-23	4.16	0.38	0.61
2015-02-24	0.04	0.40	0.71
2015-02-25	0.01	0.37	0.91
2015-02-26	0.00	0.35	0.99
2015-02-27	1.55	0.36	1.03
2015-02-28	0.34	0.34	0.99
2015-03-01	3.99	0.42	1.15
2015-03-02	1.53	0.49	1.20
2015-03-03	2.96	0.49	1.22
2015-03-04	1.97	0.49	1.00
2015-03-05	0.01	0.45	0.90
2015-03-06	0.00	0.40	0.82
2015-03-07	0.00	0.35	1.35
2015-03-08	0.01	0.32	1.54
2015-03-09	0.02	0.29	1.39
2015-03-10	0.80	0.27	1.44
2015-03-11	0.00	0.25	1.03
2015-03-12	0.01	0.23	0.81
2015-03-13	0.30	0.21	0.77
2015-03-14	4.32	0.22	0.79
2015-03-15	0.30	0.24	0.88
2015-03-16	0.01	0.23	1.58
2015-03-17	0.00	0.21	1.78
2015-03-18	0.00	0.20	1.78
2015-03-19	0.00	0.18	1.65
2015-03-20	0.00	0.17	1.61
2015-03-21	3.26	0.16	1.54
2015-03-22	0.04	0.16	1.14
2015-03-23	0.00	0.15	1.69
2015-03-24	0.00	0.14	1.33
2015-03-25	0.01	0.13	2.07
2015-03-26	0.79	0.12	1.10
2015-03-27	1.20	0.12	1.25
2015-03-28	1.99	0.11	1.91
2015-03-29	18.21	0.61	1.94
2015-03-30	13.61	1.47	1.82
2015-03-31	9.70	1.86	2.30
2015-04-01	12.92	2.10	1.65
2015-04-02	5.17	2.03	1.35
2015-04-03	0.03	1.68	1.79
2015-04-04	0.04	1.34	1.62
2015-04-05	0.08	1.09	1.68
2015-04-06	0.01	0.92	1.67
2015-04-07	0.01	0.80	2.18
2015-04-08	0.00	0.71	1.76
2015-04-09	0.00	0.64	2.44
2015-04-10	0.00	0.58	3.02
2015-04-11	0.26	0.54	2.90
2015-04-12	0.23	0.50	2.49
2015-04-13	0.02	0.46	2.12
2015-04-14	0.00	0.43	2.81
2015-04-15	0.00	0.40	3.21
2015-04-16	0.00	0.37	2.06
2015-04-17	0.00	0.35	1.60
2015-04-18	0.00	0.32	1.85
2015-04-19	0.00	0.30	2.42
2015-04-20	0.00	0.28	2.75
2015-04-21	0.00	0.26	3.08
2015-04-22	0.73	0.25	1.97
2015-04-23	0.00	0.23	2.72
2015-04-24	0.00	0.22	2.91
2015-04-25	0.31	0.20	2.69
2015-04-26	3.95	0.19	3.48
2015-04-27	3.64	0.18	3.04
2015-04-28	0.05	0.17	2.52
2015-04-29	0.06	0.16	2.37
2015-04-30	8.19	0.16	3.81
2015-05-01	0.00	0.17	2.74
2015-05-02	0.00	0.16	2.36
2015-05-03	4.34	0.15	3.82
2015-05-04	0.20	0.14	3.31
2015-05-05	0.03	0.13	3.28
2015-05-06	0.35	0.12	2.63
2015-05-07	0.00	0.11	2.26
2015-05-08	0.01	0.11	2.72
2015-05-09	0.83	0.10	2.70
2015-05-10	0.00	0.09	2.30
2015-05-11	0.00	0.09	2.97
2015-05-12	6.03	0.08	5.65
